613  4  0
    1     153    47   174   221
    2     116     7    55   182
    3      89    90    35    36
    4      85   107    96   126
    5      71   100   165   183
    6      15    49   158   172
    7     118    54   112   137
    8     139    79   166   177
    9     122    23   141   146
   10     119    17    44     8
   11     156    23   164   173
   12      18    19    44     8
   13     120    11   117   194
   14      92    22    28   140
   15      47   167   174   210
   16     160   153   174   221
   17     131    42   195   213
   18      12    63    10    42
   19     140    23   156   173
   20      14   155   168   184
   21      74    75    72   188
   22      96    72   185   199
   23     117    88   137   153
   24      35    89    36    32
   25      33    34    32    31
   26      19   119    44     8
   27      54   116    55   137
   28     121     6     8    55
   29      60    98     3   134
   30      11   119   117   137
   31     140    28   164   173
   32      18   123   141   146
   33      90    89    29    36
   34      40   129   157   175
   35      62    61    98   134
   36      63   120   117   194
   37     155   148   168   184
   38     120    26   113   154
   39     111   118   112   125
   40     186   114   192   219
   41      98    61    57   163
   42      12    79   104    42
   43      46    91    58   214
   44      20    49    15   172
   45      98    60     3     1
   46       9    34   162   179
   47      59     3     1   134
   48      72    82    83   185
   49     194    11   198   200
   50      22    92   158   164
   51      48    58   209   224
   52      18    17   123   146
   53     108   119   120   114
   54      68   100    93   183
   55       8   119    55   182
   56      92    22   140   164
   57      73   145   150   180
   58      26   120   138   186
   59     161   186   191   192
   60     169   150   191   192
   61      89    90    29    30
   62      17    18    44     8
   63     121    54     6    55
   64      29    33    36    32
   65      39   130   218    52
   66     141   122   146   156
   67      84    85   126   185
   68       4     5    86   151
   69     103    95   144   166
   70     118   160   216   221
   71      28    92   140   164
   72      46    97   187   217
   73      32    35   162   215
   74     108     9   152   159
   75      17    27   141   146
   76      12    42   127   131
   77      41   142   194   198
   78      75    81    83   147
   79      34    33    32   162
   80      23   158   164   173
   81     209    58   223   224
   82     108   119    17    44
   83      19   119    55   137
   84     119   108   120    44
   85     119   120    19    44
   86      99    53    97   163
   87      89    29    36    32
   88      61    99    57   163
   89      18    17    44   123
   90     129    14   176   184
   91      33    29    36    30
   92      79   104    38   139
   93     150    73   161   192
   94      44    43   181   202
   95      37    94    51    52
   96      80    82   185   199
   97     120    43    44   113
   98     123    17   141   146
   99     110   111   112   125
  100     120    10   138   186
  101     118   111   110   125
  102      51    37    52   197
  103      76   161   186   191
  104     116    19    55   137
  105      75    74   145   206
  106      28    27   164   173
  107      85   126   185   226
  108     162    35   179   215
  109       5     4   103   204
  110     118    88   125   160
  111      79    39   139   213
  112      36    33   181   215
  113      99    97   136   187
  114      13   175   176   184
  115      95   103   104   166
  116     129    40   155   175
  117      87     4   151   204
  118      29    90    36    30
  119     106    95   105   166
  120     104   103   144   166
  121      79   104   139   166
  122      95   106   144   166
  123     104    42   213   222
  124      42    10   131   195
  125      98    61     3   134
  126       3    61     1   134
  127      62    98    60   134
  128     133    68   168   178
  129      14    67   133   178
  130     101    67    14   178
  131      24    22   124   140
  132     104   103    38   144
  133     148    14   168   184
  134      42    10   127   131
  135      61    59     1   134
  136      35     9   162   179
  137     108     9   115   152
  138      63   120    10   117
  139     122   146   156   164
  140     119   120    11   117
  141     120   119    19   117
  142      61    98     3     1
  143     119    19    55   182
  144       2    59     3     1
  145      59     2    61     1
  146     142    63   167   174
  147     122    27   146   164
  148     111   118   116   109
  149      94   191   200   207
  150      20   121     6   182
  151     110    56    58    48
  152      23   140   158   173
  153      27   156   164   173
  154     165    68   178   183
  155     142    63   174   194
  156     120   119    11   114
  157     116     7   109    54
  158     119    19   117   137
  159      26   120   113   138
  160      31    34   123   128
  161     102   165   178   183
  162      54    88   112   137
  163      68   102   178   183
  164     116     7    54    55
  165      54     7     6    55
  166     102    70   165   183
  167     100    68   165   183
  168      92   122   158   164
  169     146    27   156   164
  170      53     2     1    97
  171      95   106   103   144
  172      34    17   123   128
  173     111   118   109   112
  174     109   118    54   112
  175      88   119    11   137
  176      26   120   114   154
  177     118   116   109   137
  178     109   116    54   137
  179      22    92    21   158
  180     120    10   186   200
  181     114   120   186   200
  182     108    17    34   128
  183      94    11    51   114
  184      17    44   123   128
  185      72    80   185   199
  186      22    23   124   140
  187      88    11   117   137
  188      13   148   175   184
  189      56    11   194   209
  190       9   115   152   159
  191     118    88   112   125
  192     192   114   207   219
  193      17   108    44   128
  194     119    88    55   137
  195     101    14   155   168
  196     119   108    11   114
  197      82   126   185   199
  198     139   104   144   166
  199     114    26   154   193
  200     118   109    54   137
  201      20    18   121   182
  202       9   108    34   128
  203      99    66    57   187
  204      72    83   147   188
  205      25   114   115   193
  206      58    97   136   225
  207     110   209   223   160
  208     126    96   185   199
  209      77    74    45    78
  210     160   149   174   194
  211      81   196   203   206
  212      37   198   200   220
  213      74    77    45   203
  214     149   142   174   194
  215      11    94    51   198
  216     209   110   125   160
  217      48   209   223   224
  218     105   166   177   189
  219      72    75    83   188
  220      53     2    97   163
  221      99     2    53   163
  222      25    45   169   192
  223      74    75   188   206
  224      45   150   169   192
  225     148    40   155   168
  226     106    95   103   204
  227     126    82   185   226
  228      43    31   128   181
  229      81    82    83   147
  230     104    38   139   144
  231       2    61     1   163
  232      43    33    31   181
  233     148   155   175   184
  234      23   123   124   141
  235     132    50   142   157
  236      68    40   148   168
  237     150   161   191   192
  238     133   100   135   148
  239      17    18     8   146
  240      68   100   133   148
  241      52    37   127   197
  242     153    11   160   194
  243      63    12    10   127
  244      88    54    55   137
  245      88   118   112   137
  246     132    50   157    13
  247      84    85    96   126
  248     160   194   209   227
  249      88   125   160   209
  250      52    37   130   195
  251       4     5   151   204
  252      56    41   194   198
  253     129    14   155   170
  254      56   110   125   209
  255     110    56    48   209
  256     133    14   148   184
  257     110   223    58   160
  258      10    63   127   194
  259      10    12    42   127
  260      13   135   148   184
  261     103    95   151   204
  262      73    26   186   192
  263     161    73   186   192
  264     143   160   211   217
  265     211   160   212   217
  266      63   117   153   194
  267     120   113   152   154
  268      36    35    32   215
  269      16    49    21   158
  270      22    23   140   158
  271      14   129   155   184
  272     107    96   126   199
  273     133    68   148   168
  274     114   120   152   154
  275      22    24    28   140
  276      68   100    67   133
  277      19   116    55   182
  278       6     8    55   182
  279      93   100    71   183
  280      69    70    93   183
  281      11   120   114   200
  282     180    76   196   201
  283      53    99    97   136
  284      38    39   139   144
  285      95     5   103   151
  286       4    86    87   151
  287      61    98     1   163
  288      82    80   126   199
  289      11    88   153   160
  290      83    75   147   188
  291       2    99    61   163
  292      94    11   114   200
  293       5    95    86   151
  294       7     6    55   182
  295      65   170   190   101
  296      78    74   188   206
  297      23    18   123   141
  298      82    80    72   147
  299      73    75   145   196
  300      82    72    83   147
  301     127    52   131   195
  302      52   130   131   195
  303      92    16    21   158
  304     118    47   153   221
  305      45    77   201   203
  306      41    51    50   198
  307      20     7   116   182
  308      64    14   129   170
  309      44    43   128   181
  310      66    46    57   187
  311      97    58   136   143
  312      80    72   147   188
  313      31    34   128   181
  314      97    99   163   187
  315     136    97   143   217
  316      16    92    15   158
  317     170   101    14   155
  318      10    76   161   186
  319      49    16    15   158
  320      27   141   146   156
  321      11    56   194   198
  322     157    13   175   176
  323     120    11   194   200
  324      73   145   180   196
  325      64   101    14   170
  326     117    11   153   194
  327      88   118   153   160
  328     120   108   114   152
  329     114   108   115   152
  330     118   117   137   153
  331      88   118   137   153
  332      99    57   163   187
  333      33    36    32   215
  334     115   114   152   193
  335      18    19     8   182
  336      14   133   148   168
  337     174    47   210   221
  338     105   106   166   189
  339      11    88   117   153
  340      76    81   196   201
  341      34   162   179   181
  342     102    69    67   165
  343      23   122   141   156
  344      94   169   191   207
  345     124    23   141   156
  346      23   124   140   156
  347      41   132   142   157
  348      56    11    51   198
  349     114    26   193   219
  350     132   157   175   176
  351      15    92   122   158
  352     101   102    67   178
  353      67    68   133   178
  354     100    68    67   165
  355     121    18     8   182
  356       6   121     8   182
  357       7    20     6   182
  358       2     1    97   163
  359     120   108   152   159
  360     108   120    44   159
  361      73   150   161   180
  362      11    94   198   200
  363      41   132   157   228
  364     167    65   170   208
  365      40   148   155   175
  366     130   131   195   213
  367      39    38   139   213
  368     121    20    15   172
  369      49    23   158   172
  370      12    42   131   213
  371      33   162   181   215
  372     147    78   188   206
  373      74    78   203   206
  374     104    79    38   213
  375      38    79   139   213
  376     162   179   181   215
  377     169    25   192   207
  378     122    23   158   164
  379      23   122   156   164
  380     135   133   148   184
  381      69   102    70   165
  382      66    46   187   217
  383     130   131   213   218
  384      14   133   168   178
  385      63    64   142   167
  386     101    14   168   178
  387      77    94   169   191
  388     145    74   203   206
  389     132    64   149   167
  390      64   132   142   167
  391     142   132   149   167
  392     150   161   180   191
  393       5   103   151   204
  394      64   149   167   170
  395      64   129   132   170
  396     132   129   149   170
  397      64   132   149   170
  398     122    15   158   172
  399      23   122   158   172
  400     121    15   122   172
  401      18    20   121   172
  402     121   122     8   172
  403      18   121     8   172
  404     122    23   146   172
  405       8   122   146   172
  406      18     8   146   172
  407      23    18   141   172
  408     141    18   146   172
  409      23   141   146   172
  410      22   140   164   173
  411     140    22   158   173
  412     158    22   164   173
  413     149   142   167   174
  414      25   114   193   207
  415     132   129   157   228
  416     160   149   171   174
  417     161    76   180   191
  418     129   149   170   190
  419      11   160   194   209
  420     129   132   157   175
  421      67   102   165   178
  422      80    82    72   185
  423     129   132   175   176
  424      84    96    83   185
  425      10   120   194   200
  426      96    84   126   185
  427      14    64   129   176
  428     129    64   132   176
  429      96    72    83   185
  430      68    67   165   178
  431      19   119     8   182
  432      70    69   165   183
  433     145   150   180   201
  434      41    56    51   198
  435      63   153   174   194
  436     120    63    10   194
  437       9    34   179   181
  438      34     9   128   181
  439     192   114   200   207
  440     191   169   192   207
  441      91   110   214   216
  442     111   110    91   216
  443     111   118   110   216
  444      33    43    36   181
  445      34    33   162   181
  446      33    34    31   181
  447     108     9   159   181
  448      44   108   159   181
  449     108    44   128   181
  450       9   108   128   181
  451     114    94   200   207
  452      81   196   201   203
  453      77    74    78   203
  454      69    71   165   183
  455      69    93    71   183
  456      97   136   187   217
  457     155   129   175   184
  458     175   129   176   184
  459      91   110    58   214
  460     160   214   216   221
  461     142    41   157   198
  462     152   114   154   193
  463     153   160   174   194
  464     106   139   144   189
  465     106   144   166   189
  466     144   139   166   189
  467     166   139   177   189
  468     155   129   170   190
  469     126   107   199    80
  470     147    80   188    78
  471      41    56   194   209
  472      88    56   125   209
  473      11    88   160   209
  474      56    88    11   209
  475      58   143   160   224
  476      58   110    48   209
  477      41   194   205   209
  478      56    41   205   209
  479      43    44   113   202
  480       4   106   103   204
  481     152   120   159   202
  482      44   120   113   202
  483      10   127   131   195
  484      95   105   151   204
  485     159    44   181   202
  486     105    87   151   204
  487     180   150   191   201
  488      42   130   213   222
  489     113   120   152   202
  490     120    44   159   202
  491     118   111    91   216
  492      75   147   188   206
  493     129   132   149   228
  494     145   180   196   201
  495      76   180   191   201
  496      94    37    51   198
  497      51    37   197   198
  498      41    50   157   198
  499     186   191   192   200
  500     114   186   192   200
  501      10    76   186   200
  502     186    76   191   200
  503      94    37   198   200
  504      26   120   186   219
  505      47   118   216   221
  506     118   153   160   221
  507     149   171   174   221
  508      66    47   216   221
  509     171   160   174   221
  510     150   169   191   201
  511      95   106   105   204
  512     145    45   150   201
  513     150    45   169   201
  514      45    77   169   201
  515     169    77   191   201
  516     191   192   200   207
  517     198   194   200   220
  518     196   145   201   203
  519      74    45   145   203
  520     145    45   201   203
  521      47    65   167   210
  522     149   142   194   228
  523     167    65   208   210
  524      97    58    48   225
  525      42   130   195   213
  526      75   145   196   206
  527     196   145   203   206
  528      81    75   196   206
  529      75    81   147   206
  530     132    41   142   228
  531     170    65   190   208
  532     114   193   207   219
  533      79   104    42   213
  534     149   170   190   208
  535     149   167   170   208
  536      58   160   223   224
  537     160   143   223   224
  538      38   104   213   222
  539      39   130   213   218
  540     120   114   186   219
  541      12    79    42   213
  542      38    39   130   213
  543     120    26   114   219
  544     130    52   131   218
  545      50   157   198   142
  546     194    10   200   220
  547     197   194   198   220
  548     193    25   207   219
  549     127    10   194   220
  550      33    32   162   215
  551     136   187   217    99
  552      10   127   195   220
  553      25   192   207   219
  554      26   186   192   219
  555      37   130   195   222
  556     130    38   213   222
  557      42   104    38   222
  558     110   118   125   216
  559     125   118   160   216
  560     110   125   160   216
  561      58   160   214   216
  562     110    58   214   216
  563      58   110   160   216
  564      46    66   214   217
  565      99    66   187   217
  566      97    46    58   217
  567      97    58   143   217
  568     143    58   160   217
  569      58    46   214   217
  570     130    42   195   222
  571      37   197   198   220
  572      52    37   195   220
  573      37    52   127   220
  574     127    52   195   220
  575     127   194   197   220
  576      37   127   197   220
  577      47    66   212   221
  578     160   212   217   221
  579     214    66   216   221
  580     167   174   210   221
  581     167   149   174   221
  582      58   160   217   221
  583     160    58   214   221
  584     214    58   217   221
  585      66   214   217   221
  586     212    66   217   221
  587     149   167   208   221
  588     208   167   210   221
  589     149   208   210   221
  590     160   143   211   223
  591     171   160   227   228
  592      58   110   209   223
  593     149   160   171   228
  594     132   142   149   228
  595      53    97    48   225
  596      97    53   136   225
  597      48    58   224   225
  598     139   106   144    39
  599      58   143   224   225
  600      58   136   143   225
  601      61    59   134    62
  602     149   171   221   210
  603     157   132    13   176
  604     170   190   101   155
  605     142    41   194   228
  606      40    41   157   228
  607     160   194   227   228
  608     160   149   194   228
  609     129    40   157   228
  610     194    41   205   228
  611     194   205   209   228
  612     209   205   227   228
  613     194   209   227   228
# Generated by tetgen.exe -p ./mesh/envolvente.stl 
