228  3  0  0
   1    -1.0321454000000001  -1.7836784000000001  -0.19855291999999999
   2    -0.70577246000000005  -1.8651838000000001  -0.14527403
   3    -1.0880095999999999  -2.1198084000000001  -0.3692665
   4    -0.012593642  -3.077359  -0.19275996000000001
   5    0.28849356999999998  -3.0587532999999998  -0.19964439
   6    -0.82426840000000001  -0.090486049999999998  0.22218618000000001
   7    -0.82426840000000001  -0.090486049999999998  -0.34250849999999999
   8    -0.0018265842999999999  0.45891880000000002  0.52929234999999997
   9    1.0314085  -0.76734349999999996  0.023103207000000001
  10    0.37256600000000001  -1.5537099999999999  -0.18697849
  11    -0.053166860000000003  -0.99466480000000002  0.48650789999999999
  12    -0.10321729  -1.6896743999999999  -0.2474073
  13    -0.19986664000000001  -1.8377425999999999  0.21672585999999999
  14    -0.22539671  -1.8329234999999999  -0.28114313000000002
  15    -0.63708819999999999  1.1245242  0.39971859999999998
  16    -0.66607510000000003  1.7157726  0.43687186
  17    0.59861313999999999  0.60498523999999998  0.44111250000000002
  18    0.00094860789999999995  0.45900202000000001  -0.49126583000000001
  19    -0.0013566017000000001  -0.45804571999999999  -0.46143677999999999
  20    -0.60809815  0.5332732  -0.35614705000000002
  21    -0.66607510000000003  1.7157726  -0.43687183000000002
  22    -0.048904955  1.7152371  -0.64100729999999995
  23    -0.023978174000000001  1.0871196000000001  -0.56613659999999999
  24    0.65612375999999994  1.7171860000000001  -0.43738120000000003
  25    0.94021164999999995  -1.2351884  0.33548351999999998
  26    0.78717804000000002  -1.0736277999999999  -0.14263132000000001
  27    0.62665546000000005  1.1614754  0.43957963999999999
  28    0.6546978  1.7179656000000001  0.43804678000000002
  29    1.9121136999999999  -1.2908682  -0.48634087999999998
  30    1.8032212000000001  -1.1412283999999999  -0.88114800000000004
  31    1.2295166  -0.13501835000000001  -0.47273755000000001
  32    1.5454730000000001  -0.66861915999999999  -0.15905452
  33    1.4540706000000001  -0.54057429999999995  -0.53518175999999995
  34    1.3097875000000001  -0.29228662999999999  0.10377714
  35    1.1933147  -0.96626186000000003  -0.13336885000000001
  36    1.1128922000000001  -0.78503800000000001  -0.53663254000000005
  37    0.32936066000000003  -1.6594428000000001  0.33679799999999999
  38    0.32007816  -2.1182463  0.17217130999999999
  39    -0.13945848  -2.1577470000000001  0.16154742
  40    -0.59267530000000002  -1.7499937999999999  0.12592919999999999
  41    -0.53542299999999998  -1.4213789999999999  0.2342147
  42    0.34777249999999998  -1.7497529999999999  -0.23186612000000001
  43    0.90206589999999998  -0.599823  -0.51955013999999999
  44    0.42382205000000001  -0.41606473999999999  -0.49662440000000002
  45    0.9124816  -1.4897860000000001  0.38791233000000003
  46    -0.91565640000000004  -1.2506535999999999  -0.41080486999999999
  47    -0.54093329999999995  -1.3392179  -0.40512409999999999
  48    -0.5756116  -1.4025734999999999  0.17444137000000001
  49    -0.63708662999999999  1.1245229000000001  -0.39650943999999999
  50    -0.17474447000000001  -1.6516280999999999  0.38689086
  51    -0.10381411  -1.5308135  0.443768
  52    -0.094075800000000001  -1.7174183000000001  0.34240229999999999
  53    -0.64761376000000004  -1.586646  0.0051152109999999997
  54    -0.80020990000000003  -0.52214265000000004  0.22275916000000001
  55    -0.51190590000000002  -0.44235635000000001  0.33847280000000002
  56    -0.54072509999999996  -1.3391652999999999  0.24862406000000001
  57    -0.95352820000000005  -1.4732596  -0.50558250000000005
  58    -0.91565640000000004  -1.2506535999999999  0.051305561999999999
  59    -0.79513573999999998  -2.1758362999999998  -0.34839841999999999
  60    -1.0953584000000001  -2.1429374000000001  -0.68078850000000002
  61    -0.72612080000000001  -1.8045983000000001  -0.52292322999999996
  62    -0.80829910000000005  -2.2289406999999999  -0.58325285000000004
  63    -0.10220803000000001  -1.5276149999999999  -0.28155385999999999
  64    -0.15555178  -1.6198405  -0.27818619999999999
  65    -0.55435290000000004  -1.4431423000000001  -0.39483699999999999
  66    -0.58655330000000006  -1.3846700999999999  -0.38665664
  67    -0.23749392  -2.3259300000000001  -0.43893917999999998
  68    -0.69216650000000002  -2.3064627999999998  -0.12178913
  69    -0.34693210000000002  -2.9062052  -0.51370746
  70    -0.70667159999999996  -2.8459089  -0.57592063999999998
  71    -0.36578696999999999  -2.9661306999999999  -0.26257229999999998
  72    1.0593239999999999  -2.2621416999999999  0.19122058
  73    0.8700637  -1.4123816  -0.13270672
  74    0.97755080000000005  -1.7955709  0.35008635999999999
  75    0.93586796999999999  -1.7000090999999999  -0.17183396000000001
  76    0.46044168000000002  -1.6107608  -0.16476646
  77    0.44765016000000002  -1.6654993  0.40069577000000001
  78    0.54698910000000001  -1.9060878999999999  0.37872600000000001
  79    -0.12705642  -2.1245801000000002  -0.26998040000000001
  80    0.65959460000000003  -2.3640720000000002  0.19426089999999999
  81    0.51105089999999997  -1.8019088999999999  -0.13825005000000001
  82    0.63935447000000001  -2.2964709000000001  -0.29146147
  83    1.039355  -2.1942507999999998  -0.29491666
  84    1.1456592999999999  -2.7439857000000001  -0.35655698000000002
  85    0.807037  -2.8182200000000002  -0.35658473000000002
  86    0.29494916999999998  -3.0085351  -0.48916905999999999
  87    0.011063307499999999  -3.0259445  -0.53472923999999999
  88    -0.52631550000000005  -0.89076084  0.29354843000000003
  89    1.6560558999999999  -1.4744948  -0.48589813999999998
  90    1.5469345000000001  -1.3237337  -0.88070619999999999
  91    -0.88028770000000001  -1.1008673  -0.45620189999999999
  92    -0.050726593  1.7152419000000001  0.64096200000000003
  93    -0.72254989999999997  -2.895918  -0.30470994000000001
  94    0.36996036999999998  -1.5391846  0.45435712
  95    0.32591999999999999  -2.5645956999999999  -0.40492109999999998
  96    1.1322730999999999  -2.7667084000000002  -0.093673359999999997
  97    -0.95650630000000003  -1.4720681  -0.053108096
  98    -1.0288280000000001  -1.7896833000000001  -0.62942779999999998
  99    -0.63190292999999997  -1.5927283000000001  -0.37132080000000001
 100    -0.27218263999999998  -2.4148499999999999  -0.0043833554000000004
 101    -0.61083805999999996  -1.7631934  -0.48470116000000002
 102    -0.66083974000000001  -2.2981486000000002  -0.50470919999999997
 103    0.32003366999999999  -2.5759439999999998  0.0018544868000000001
 104    0.32144305000000001  -2.1137706999999999  -0.27518641999999999
 105    -0.11819136  -2.5309249999999999  -0.40203556000000001
 106    -0.11198456599999999  -2.5852067000000001  -0.050944783
 107    0.79366504999999998  -2.8409789999999999  -0.093611609999999998
 108    0.55337345999999998  -0.57244349999999999  0.60309935000000003
 109    -0.80020990000000003  -0.52214265000000004  -0.38690084000000002
 110    -0.88028770000000001  -1.1008673  0.13283738
 111    -0.84024880000000002  -0.81150496000000005  -0.42155137999999998
 112    -0.84024880000000002  -0.81150496000000005  0.17779827000000001
 113    0.84462196  -0.83672539999999995  -0.33109074999999999
 114    0.46166689999999999  -1.055814  0.52872825000000001
 115    0.98581010000000002  -1.001266  0.17929336000000001
 116    -0.51189229999999997  -0.44235609999999997  -0.47332358000000002
 117    -0.051782317000000001  -0.99283034000000003  -0.38322663000000001
 118    -0.52641283999999999  -0.890787  -0.43922382999999998
 119    -0.0025196074999999998  -0.45851612000000003  0.52924775999999996
 120    0.39819401999999998  -0.98488735999999999  -0.27751135999999998
 121    -0.60810125000000004  0.53327583999999995  0.36256537
 122    -0.026276588  1.0870804000000001  0.58512719999999996
 123    0.64356049999999998  0.65737939999999995  -0.35027465000000002
 124    0.64984213999999996  1.1872826999999999  -0.39382792
 125    -0.72987432406537034  -1.005947782050437  0.20389757183790511
 126    0.76916701406244636  -2.7015739173699824  -0.21510225099896055
 127    -0.1035157  -1.6102439500000001  0.098180350000000027
 128    0.82377104113367117  -0.21904764879105065  -0.46828080249649462
 129    -0.58108593312277657  -1.657196516679375  -0.03155964592451152
 130    0.11655239347146382  -1.8856350433582576  0.25724755302396451
 131    -0.097728076942031492  -1.7063338480942354  0.10675712593441367
 132    -0.16632276156019044  -1.6376797738820201  0.095056568437653366
 133    -0.24425026831500291  -2.0674253086162984  -0.16961587063659395
 134    -0.91461227870685535  -2.1627438615436123  -0.48067629755559405
 135    -0.23582347264212619  -2.12469091293673  0.10678632996833852
 136    -0.59755945150591516  -1.4767143901430648  -0.038349961537308574
 137    -0.29783551756731308  -0.69845300939150667  -0.43140781216933621
 138    0.6423286794375701  -1.1439795798788888  -0.26933336461572088
 139    -0.130779467082488  -2.3100392089371429  -0.068448177124100618
 140    0.64703114207509627  1.5457182138494923  -0.16678975586434791
 141    0.63281639764461284  0.99375859201123662  -0.11633898847647345
 142    -0.14320024990358299  -1.5976980129811309  0.096201554459669492
 143    -0.58002350910280009  -1.3953544962408884  -0.051804406970857642
 144    -0.0012703827771278764  -2.4655501404951989  0.0062277396775830968
 145    0.89708082083193819  -1.5086970799004327  -0.011355609223138441
 146    0.34016088618926882  0.841213818113282  0.48047532643998841
 147    0.59434898452003004  -2.1062548435047237  0.035090704802556494
 148    -0.4004396128288279  -2.0287087399028687  0.078807970095621543
 149    -0.54402531137772714  -1.431268892878826  -0.05164516170495248
 150    0.88269683833313406  -1.4354346151844681  0.022346983212909149
 151    0.1882046578656533  -2.8851333676283621  -0.46665608373001721
 152    0.90295975624064284  -0.9047122436266184  -0.12020416835339826
 153    -0.32848131370919215  -1.187927284724076  -0.36565592818312553
 154    0.87261353645501949  -0.95340751842716942  -0.13589747505943078
 155    -0.59811964807233664  -1.7539504242584063  -0.057109293234299696
 156    0.64042615975703221  1.1768025007250567  -0.05538580067545662
 157    -0.28182103814780962  -1.7360522960264577  0.22099723592177761
 158    -0.36607223146927437  1.4220510516267155  -0.49726738747688548
 159    0.95217918837174031  -0.84005013004383033  -0.10135585499618732
 160    -0.54082078324756966  -1.3391894735774359  -0.051821410900498022
 161    0.62131484999999997  -1.4830458  -0.159842605
 162    1.227167722372513  -0.77036978442776705  -0.064441954578736541
 163    -0.98757425184265824  -1.6085092198588564  -0.30068348222359575
 164    0.36916223001894322  1.4534326478816701  0.49971825002561454
 165    -0.27183492423476407  -2.497296531155031  -0.39172995258704091
 166    0.090881062155949599  -2.3362818304638937  -0.334903506589878
 167    -0.34824253999999999  -1.4795292  -0.34165515000000002
 168    -0.61613459140739824  -1.9386452902721141  -0.091109625497508173
 169    0.7958374836807669  -1.3613163631210692  0.35459781216188097
 170    -0.37341859827236867  -1.5233094906877527  -0.34191304872330958
 171    -0.54712771617780431  -1.3880157984164398  -0.053686965443806967
 172    -0.33391452714490644  0.80829057818081607  -0.44153437327768186
 173    0.64071098093435996  1.4265331729881177  0.021294857870256867
 174    -0.32150833247305866  -1.4334432167903228  -0.34332142357952311
 175    -0.32427114354638065  -1.8099521080572036  0.1879700952697379
 176    -0.18668200786711425  -1.7729119984933432  0.069478786462394831
 177    -0.12204948058708812  -2.3540815692563544  -0.34456446206865876
 178    -0.6456645290447719  -2.1761148133786934  -0.36431237789645848
 179    1.0478180647356701  -0.77090690032687903  -0.089618969033552875
 180    0.63662992657359929  -1.5254331523196498  -0.15097679757851815
 181    0.96673719999999996  -0.68358324999999998  -0.24822346649999999
 182    -0.40433231458807878  0.20035232378934809  -0.39150716313854772
 183    -0.69941904999999993  -2.5761858499999999  -0.348854885
 184    -0.20813313590653165  -1.8361822019899996  0.055518626027510315
 185    0.9052706692625081  -2.5315100062430149  -0.32565026217141696
 186    0.54209959290920806  -1.357405859247703  -0.16884506805341243
 187    -0.95463457771844662  -1.4728169523214367  -0.3374861974067373
 188    0.79042160611397161  -2.1301551998699835  0.25837721038530603
 189    -0.12404024769061671  -2.4282935101410552  -0.24703885361177791
 190    -0.56073805691722134  -1.4942689251013697  -0.30806858507335033
 191    0.415201025  -1.5749727  0.14479533
 192    0.84473860970639969  -1.2647979717013451  0.10108398025254423
 193    0.91008370304676345  -1.1096008797681896  0.12539272205984178
 194    -0.10306358541240924  -1.5293188341717667  0.10482355772622426
 195    0.33508253930876392  -1.6875086567937982  0.16007326950785922
 196    0.6532999709403009  -1.6469646763302872  -0.16763341540379262
 197    -0.10374473761709838  -1.5492789656058741  0.36342806909327779
 198    -0.1036315770483124  -1.5304499865722923  0.36133428559639236
 199    0.86621324362389063  -2.6829056487459577  -0.015827440219773101
 200    0.37123937417808534  -1.5463145636895341  0.13954998132531632
 201    0.45335337119821245  -1.6410936604690176  0.14857948340527327
 202    0.93216544633162279  -0.7441106304031283  -0.26837009043473525
 203    0.47635771371633012  -1.7272649184994544  0.15666366441508742
 204    -0.029363653741929119  -2.881141591573849  -0.37578349850706205
 205    -0.54248219015257226  -1.3525714963628763  0.16565989174909232
 206    0.53186800940692536  -1.8622543163231344  0.16120698996332861
 207    0.77300673104792617  -1.324323947372622  0.37033876952007339
 208    -0.55131933308826475  -1.4396546731889672  -0.29402978903265026
 209    -0.54075187028172456  -1.3391720632892348  0.16456535481190471
 210    -0.55224349970145126  -1.4270480577274249  -0.29523787526464451
 211    -0.56197610297841916  -1.377662097333189  -0.053443596679338873
 212    -0.54801336950295687  -1.3521528492737975  -0.28679754393716383
 213    -0.10794046447182133  -1.8885843284962145  0.084963820558193903
 214    -0.8199223905326114  -1.1591915679431195  -0.44190966476337123
 215    1.0733420159700406  -0.77644952486548702  -0.2649505741344742
 216    -0.81113290167834895  -1.1494391990908752  -0.44579309151626256
 217    -0.58466923851292885  -1.3877529030770017  -0.29004065243743637
 218    -0.10195409150106685  -1.8146796416151389  0.19611853029493165
 219    0.86864824897608306  -1.1596375062619209  0.11190175890578111
 220    0.3437894911129411  -1.6241323334165088  0.16187789718078655
 221    -0.54089532490605385  -1.3392083059080615  -0.28588227582567949
 222    0.32325669685678449  -1.9611416584948331  0.22854319276600382
 223    -0.56879385148920958  -1.3901177986665945  0.06049888666033057
 224    -0.57784916017580235  -1.3989122832922249  0.059697723044046025
 225    -0.5867427537318145  -1.4401750686899286  0.066521329466605467
 226    0.75014795558161818  -2.6412080732050578  -0.33449059752949262
 227    -0.5447884282631652  -1.3701675661632202  0.056766716089444377
 228    -0.54052467224493306  -1.4272442831535375  0.064683133614654581
# Generated by tetgen.exe -p ./mesh/envolvente.stl 
